        1000  1.000000000000000E-002           0   2.00000000000000     
   0.58000000D+00
   0.00000000D+00 -0.21390644D+03
   0.10000000D-01 -0.21389062D+03
   0.20000000D-01 -0.21384068D+03
   0.30000000D-01 -0.21374772D+03
   0.40000000D-01 -0.21359767D+03
   0.50000000D-01 -0.21337126D+03
   0.60000000D-01 -0.21304460D+03
   0.70000000D-01 -0.21258983D+03
   0.80000000D-01 -0.21197586D+03
   0.90000000D-01 -0.21116925D+03
   0.10000000D+00 -0.21013519D+03
   0.11000000D+00 -0.20883851D+03
   0.12000000D+00 -0.20724481D+03
   0.13000000D+00 -0.20532152D+03
   0.14000000D+00 -0.20303905D+03
   0.15000000D+00 -0.20037185D+03
   0.16000000D+00 -0.19729941D+03
   0.17000000D+00 -0.19380719D+03
   0.18000000D+00 -0.18988740D+03
   0.19000000D+00 -0.18553965D+03
   0.20000000D+00 -0.18077138D+03
   0.21000000D+00 -0.17559813D+03
   0.22000000D+00 -0.17004363D+03
   0.23000000D+00 -0.16413955D+03
   0.24000000D+00 -0.15792517D+03
   0.25000000D+00 -0.15144678D+03
   0.26000000D+00 -0.14475684D+03
   0.27000000D+00 -0.13791308D+03
   0.28000000D+00 -0.13097729D+03
   0.29000000D+00 -0.12401420D+03
   0.30000000D+00 -0.11709007D+03
   0.31000000D+00 -0.11027142D+03
   0.32000000D+00 -0.10362362D+03
   0.33000000D+00 -0.97209571D+02
   0.34000000D+00 -0.91088455D+02
   0.35000000D+00 -0.85314478D+02
   0.36000000D+00 -0.79935791D+02
   0.37000000D+00 -0.74993475D+02
   0.38000000D+00 -0.70520638D+02
   0.39000000D+00 -0.66541614D+02
   0.40000000D+00 -0.63071281D+02
   0.41000000D+00 -0.60114488D+02
   0.42000000D+00 -0.57665608D+02
   0.43000000D+00 -0.55708225D+02
   0.44000000D+00 -0.54214999D+02
   0.45000000D+00 -0.53147739D+02
   0.46000000D+00 -0.52457754D+02
   0.47000000D+00 -0.52086575D+02
   0.48000000D+00 -0.51967132D+02
   0.49000000D+00 -0.52025503D+02
   0.50000000D+00 -0.52183350D+02
   0.51000000D+00 -0.52361095D+02
   0.52000000D+00 -0.52482032D+02
   0.53000000D+00 -0.52477691D+02
   0.54000000D+00 -0.52294150D+02
   0.55000000D+00 -0.51899561D+02
   0.56000000D+00 -0.51292376D+02
   0.57000000D+00 -0.50511906D+02
   0.58000000D+00 -0.49654733D+02
   0.59000000D+00 -0.48812869D+02
   0.60000000D+00 -0.47999035D+02
   0.61000000D+00 -0.47212343D+02
   0.62000000D+00 -0.46450824D+02
   0.63000000D+00 -0.45713489D+02
   0.64000000D+00 -0.44999230D+02
   0.65000000D+00 -0.44306933D+02
   0.66000000D+00 -0.43635613D+02
   0.67000000D+00 -0.42984337D+02
   0.68000000D+00 -0.42352214D+02
   0.69000000D+00 -0.41738413D+02
   0.70000000D+00 -0.41142151D+02
   0.71000000D+00 -0.40562683D+02
   0.72000000D+00 -0.39999313D+02
   0.73000000D+00 -0.39451377D+02
   0.74000000D+00 -0.38918251D+02
   0.75000000D+00 -0.38399340D+02
   0.76000000D+00 -0.37894086D+02
   0.77000000D+00 -0.37401955D+02
   0.78000000D+00 -0.36922443D+02
   0.79000000D+00 -0.36455070D+02
   0.80000000D+00 -0.35999381D+02
   0.81000000D+00 -0.35554945D+02
   0.82000000D+00 -0.35121348D+02
   0.83000000D+00 -0.34698199D+02
   0.84000000D+00 -0.34285125D+02
   0.85000000D+00 -0.33881771D+02
   0.86000000D+00 -0.33487797D+02
   0.87000000D+00 -0.33102880D+02
   0.88000000D+00 -0.32726711D+02
   0.89000000D+00 -0.32358995D+02
   0.90000000D+00 -0.31999451D+02
   0.91000000D+00 -0.31647808D+02
   0.92000000D+00 -0.31303811D+02
   0.93000000D+00 -0.30967210D+02
   0.94000000D+00 -0.30637772D+02
   0.95000000D+00 -0.30315269D+02
   0.96000000D+00 -0.29999485D+02
   0.97000000D+00 -0.29690212D+02
   0.98000000D+00 -0.29387250D+02
   0.99000000D+00 -0.29090410D+02
   0.10000000D+01 -0.28799505D+02
   0.10100000D+01 -0.28514362D+02
   0.10200000D+01 -0.28234809D+02
   0.10300000D+01 -0.27960685D+02
   0.10400000D+01 -0.27691832D+02
   0.10500000D+01 -0.27428100D+02
   0.10600000D+01 -0.27169345D+02
   0.10700000D+01 -0.26915426D+02
   0.10800000D+01 -0.26666208D+02
   0.10900000D+01 -0.26421565D+02
   0.11000000D+01 -0.26181368D+02
   0.11100000D+01 -0.25945500D+02
   0.11200000D+01 -0.25713844D+02
   0.11300000D+01 -0.25486288D+02
   0.11400000D+01 -0.25262724D+02
   0.11500000D+01 -0.25043048D+02
   0.11600000D+01 -0.24827160D+02
   0.11700000D+01 -0.24614962D+02
   0.11800000D+01 -0.24406360D+02
   0.11900000D+01 -0.24201265D+02
   0.12000000D+01 -0.23999588D+02
   0.12100000D+01 -0.23801244D+02
   0.12200000D+01 -0.23606152D+02
   0.12300000D+01 -0.23414232D+02
   0.12400000D+01 -0.23225407D+02
   0.12500000D+01 -0.23039604D+02
   0.12600000D+01 -0.22856751D+02
   0.12700000D+01 -0.22676776D+02
   0.12800000D+01 -0.22499613D+02
   0.12900000D+01 -0.22325198D+02
   0.13000000D+01 -0.22153466D+02
   0.13100000D+01 -0.21984355D+02
   0.13200000D+01 -0.21817807D+02
   0.13300000D+01 -0.21653764D+02
   0.13400000D+01 -0.21492168D+02
   0.13500000D+01 -0.21332967D+02
   0.13600000D+01 -0.21176107D+02
   0.13700000D+01 -0.21021537D+02
   0.13800000D+01 -0.20869207D+02
   0.13900000D+01 -0.20719069D+02
   0.14000000D+01 -0.20571075D+02
   0.14100000D+01 -0.20425181D+02
   0.14200000D+01 -0.20281342D+02
   0.14300000D+01 -0.20139514D+02
   0.14400000D+01 -0.19999656D+02
   0.14500000D+01 -0.19861728D+02
   0.14600000D+01 -0.19725689D+02
   0.14700000D+01 -0.19591500D+02
   0.14800000D+01 -0.19459125D+02
   0.14900000D+01 -0.19328527D+02
   0.15000000D+01 -0.19199670D+02
   0.15100000D+01 -0.19072520D+02
   0.15200000D+01 -0.18947043D+02
   0.15300000D+01 -0.18823206D+02
   0.15400000D+01 -0.18700978D+02
   0.15500000D+01 -0.18580326D+02
   0.15600000D+01 -0.18461221D+02
   0.15700000D+01 -0.18343634D+02
   0.15800000D+01 -0.18227535D+02
   0.15900000D+01 -0.18112896D+02
   0.16000000D+01 -0.17999691D+02
   0.16100000D+01 -0.17887892D+02
   0.16200000D+01 -0.17777472D+02
   0.16300000D+01 -0.17668408D+02
   0.16400000D+01 -0.17560674D+02
   0.16500000D+01 -0.17454246D+02
   0.16600000D+01 -0.17349100D+02
   0.16700000D+01 -0.17245213D+02
   0.16800000D+01 -0.17142563D+02
   0.16900000D+01 -0.17041128D+02
   0.17000000D+01 -0.16940886D+02
   0.17100000D+01 -0.16841816D+02
   0.17200000D+01 -0.16743898D+02
   0.17300000D+01 -0.16647113D+02
   0.17400000D+01 -0.16551440D+02
   0.17500000D+01 -0.16456860D+02
   0.17600000D+01 -0.16363355D+02
   0.17700000D+01 -0.16270907D+02
   0.17800000D+01 -0.16179498D+02
   0.17900000D+01 -0.16089109D+02
   0.18000000D+01 -0.15999725D+02
   0.18100000D+01 -0.15911329D+02
   0.18200000D+01 -0.15823904D+02
   0.18300000D+01 -0.15737435D+02
   0.18400000D+01 -0.15651905D+02
   0.18500000D+01 -0.15567300D+02
   0.18600000D+01 -0.15483605D+02
   0.18700000D+01 -0.15400805D+02
   0.18800000D+01 -0.15318886D+02
   0.18900000D+01 -0.15237833D+02
   0.19000000D+01 -0.15157634D+02
   0.19100000D+01 -0.15078275D+02
   0.19200000D+01 -0.14999742D+02
   0.19300000D+01 -0.14922023D+02
   0.19400000D+01 -0.14845106D+02
   0.19500000D+01 -0.14768977D+02
   0.19600000D+01 -0.14693625D+02
   0.19700000D+01 -0.14619038D+02
   0.19800000D+01 -0.14545205D+02
   0.19900000D+01 -0.14472113D+02
   0.20000000D+01 -0.14399753D+02
   0.20100000D+01 -0.14328112D+02
   0.20200000D+01 -0.14257181D+02
   0.20300000D+01 -0.14186948D+02
   0.20400000D+01 -0.14117405D+02
   0.20500000D+01 -0.14048539D+02
   0.20600000D+01 -0.13980343D+02
   0.20700000D+01 -0.13912804D+02
   0.20800000D+01 -0.13845916D+02
   0.20900000D+01 -0.13779668D+02
   0.21000000D+01 -0.13714050D+02
   0.21100000D+01 -0.13649055D+02
   0.21200000D+01 -0.13584672D+02
   0.21300000D+01 -0.13520894D+02
   0.21400000D+01 -0.13457713D+02
   0.21500000D+01 -0.13395119D+02
   0.21600000D+01 -0.13333104D+02
   0.21700000D+01 -0.13271661D+02
   0.21800000D+01 -0.13210782D+02
   0.21900000D+01 -0.13150459D+02
   0.22000000D+01 -0.13090684D+02
   0.22100000D+01 -0.13031451D+02
   0.22200000D+01 -0.12972750D+02
   0.22300000D+01 -0.12914576D+02
   0.22400000D+01 -0.12856922D+02
   0.22500000D+01 -0.12799780D+02
   0.22600000D+01 -0.12743144D+02
   0.22700000D+01 -0.12687007D+02
   0.22800000D+01 -0.12631362D+02
   0.22900000D+01 -0.12576203D+02
   0.23000000D+01 -0.12521524D+02
   0.23100000D+01 -0.12467318D+02
   0.23200000D+01 -0.12413580D+02
   0.23300000D+01 -0.12360303D+02
   0.23400000D+01 -0.12307481D+02
   0.23500000D+01 -0.12255109D+02
   0.23600000D+01 -0.12203180D+02
   0.23700000D+01 -0.12151690D+02
   0.23800000D+01 -0.12100633D+02
   0.23900000D+01 -0.12050002D+02
   0.24000000D+01 -0.11999794D+02
   0.24100000D+01 -0.11950002D+02
   0.24200000D+01 -0.11900622D+02
   0.24300000D+01 -0.11851648D+02
   0.24400000D+01 -0.11803076D+02
   0.24500000D+01 -0.11754900D+02
   0.24600000D+01 -0.11707116D+02
   0.24700000D+01 -0.11659719D+02
   0.24800000D+01 -0.11612704D+02
   0.24900000D+01 -0.11566066D+02
   0.25000000D+01 -0.11519802D+02
   0.25100000D+01 -0.11473907D+02
   0.25200000D+01 -0.11428375D+02
   0.25300000D+01 -0.11383204D+02
   0.25400000D+01 -0.11338388D+02
   0.25500000D+01 -0.11293924D+02
   0.25600000D+01 -0.11249807D+02
   0.25700000D+01 -0.11206033D+02
   0.25800000D+01 -0.11162599D+02
   0.25900000D+01 -0.11119500D+02
   0.26000000D+01 -0.11076733D+02
   0.26100000D+01 -0.11034293D+02
   0.26200000D+01 -0.10992178D+02
   0.26300000D+01 -0.10950382D+02
   0.26400000D+01 -0.10908904D+02
   0.26500000D+01 -0.10867738D+02
   0.26600000D+01 -0.10826882D+02
   0.26700000D+01 -0.10786332D+02
   0.26800000D+01 -0.10746084D+02
   0.26900000D+01 -0.10706136D+02
   0.27000000D+01 -0.10666484D+02
   0.27100000D+01 -0.10627124D+02
   0.27200000D+01 -0.10588053D+02
   0.27300000D+01 -0.10549269D+02
   0.27400000D+01 -0.10510768D+02
   0.27500000D+01 -0.10472548D+02
   0.27600000D+01 -0.10434603D+02
   0.27700000D+01 -0.10396933D+02
   0.27800000D+01 -0.10359534D+02
   0.27900000D+01 -0.10322403D+02
   0.28000000D+01 -0.10285538D+02
   0.28100000D+01 -0.10248934D+02
   0.28200000D+01 -0.10212591D+02
   0.28300000D+01 -0.10176504D+02
   0.28400000D+01 -0.10140671D+02
   0.28500000D+01 -0.10105090D+02
   0.28600000D+01 -0.10069757D+02
   0.28700000D+01 -0.10034671D+02
   0.28800000D+01 -0.99998283D+01
   0.28900000D+01 -0.99652269D+01
   0.29000000D+01 -0.99308640D+01
   0.29100000D+01 -0.98967372D+01
   0.29200000D+01 -0.98628442D+01
   0.29300000D+01 -0.98291826D+01
   0.29400000D+01 -0.97957501D+01
   0.29500000D+01 -0.97625442D+01
   0.29600000D+01 -0.97295627D+01
   0.29700000D+01 -0.96968032D+01
   0.29800000D+01 -0.96642635D+01
   0.29900000D+01 -0.96319415D+01
   0.30000000D+01 -0.95998350D+01
   0.30100000D+01 -0.95679419D+01
   0.30200000D+01 -0.95362601D+01
   0.30300000D+01 -0.95047873D+01
   0.30400000D+01 -0.94735216D+01
   0.30500000D+01 -0.94424608D+01
   0.30600000D+01 -0.94116030D+01
   0.30700000D+01 -0.93809463D+01
   0.30800000D+01 -0.93504887D+01
   0.30900000D+01 -0.93202283D+01
   0.31000000D+01 -0.92901631D+01
   0.31100000D+01 -0.92602912D+01
   0.31200000D+01 -0.92306108D+01
   0.31300000D+01 -0.92011199D+01
   0.31400000D+01 -0.91718169D+01
   0.31500000D+01 -0.91427000D+01
   0.31600000D+01 -0.91137675D+01
   0.31700000D+01 -0.90850175D+01
   0.31800000D+01 -0.90564483D+01
   0.31900000D+01 -0.90280582D+01
   0.32000000D+01 -0.89998455D+01
   0.32100000D+01 -0.89718085D+01
   0.32200000D+01 -0.89439457D+01
   0.32300000D+01 -0.89162554D+01
   0.32400000D+01 -0.88887362D+01
   0.32500000D+01 -0.88613863D+01
   0.32600000D+01 -0.88342042D+01
   0.32700000D+01 -0.88071883D+01
   0.32800000D+01 -0.87803370D+01
   0.32900000D+01 -0.87536490D+01
   0.33000000D+01 -0.87271228D+01
   0.33100000D+01 -0.87007568D+01
   0.33200000D+01 -0.86745498D+01
   0.33300000D+01 -0.86485001D+01
   0.33400000D+01 -0.86226065D+01
   0.33500000D+01 -0.85968674D+01
   0.33600000D+01 -0.85712814D+01
   0.33700000D+01 -0.85458473D+01
   0.33800000D+01 -0.85205636D+01
   0.33900000D+01 -0.84954292D+01
   0.34000000D+01 -0.84704427D+01
   0.34100000D+01 -0.84456027D+01
   0.34200000D+01 -0.84209081D+01
   0.34300000D+01 -0.83963573D+01
   0.34400000D+01 -0.83719493D+01
   0.34500000D+01 -0.83476827D+01
   0.34600000D+01 -0.83235564D+01
   0.34700000D+01 -0.82995692D+01
   0.34800000D+01 -0.82757199D+01
   0.34900000D+01 -0.82520072D+01
   0.35000000D+01 -0.82284301D+01
   0.35100000D+01 -0.82049874D+01
   0.35200000D+01 -0.81816777D+01
   0.35300000D+01 -0.81585001D+01
   0.35400000D+01 -0.81354535D+01
   0.35500000D+01 -0.81125367D+01
   0.35600000D+01 -0.80897486D+01
   0.35700000D+01 -0.80670883D+01
   0.35800000D+01 -0.80445546D+01
   0.35900000D+01 -0.80221464D+01
   0.36000000D+01 -0.79998627D+01
   0.36100000D+01 -0.79777024D+01
   0.36200000D+01 -0.79556645D+01
   0.36300000D+01 -0.79337480D+01
   0.36400000D+01 -0.79119519D+01
   0.36500000D+01 -0.78902754D+01
   0.36600000D+01 -0.78687173D+01
   0.36700000D+01 -0.78472767D+01
   0.36800000D+01 -0.78259526D+01
   0.36900000D+01 -0.78047441D+01
   0.37000000D+01 -0.77836502D+01
   0.37100000D+01 -0.77626699D+01
   0.37200000D+01 -0.77418025D+01
   0.37300000D+01 -0.77210469D+01
   0.37400000D+01 -0.77004024D+01
   0.37500000D+01 -0.76798680D+01
   0.37600000D+01 -0.76594429D+01
   0.37700000D+01 -0.76391261D+01
   0.37800000D+01 -0.76189169D+01
   0.37900000D+01 -0.75988142D+01
   0.38000000D+01 -0.75788172D+01
   0.38100000D+01 -0.75589253D+01
   0.38200000D+01 -0.75391375D+01
   0.38300000D+01 -0.75194530D+01
   0.38400000D+01 -0.74998711D+01
   0.38500000D+01 -0.74803910D+01
   0.38600000D+01 -0.74610118D+01
   0.38700000D+01 -0.74417327D+01
   0.38800000D+01 -0.74225530D+01
   0.38900000D+01 -0.74034719D+01
   0.39000000D+01 -0.73844885D+01
   0.39100000D+01 -0.73656023D+01
   0.39200000D+01 -0.73468125D+01
   0.39300000D+01 -0.73281183D+01
   0.39400000D+01 -0.73095191D+01
   0.39500000D+01 -0.72910140D+01
   0.39600000D+01 -0.72726024D+01
   0.39700000D+01 -0.72542836D+01
   0.39800000D+01 -0.72360567D+01
   0.39900000D+01 -0.72179212D+01
   0.40000000D+01 -0.71998763D+01
   0.40100000D+01 -0.71819215D+01
   0.40200000D+01 -0.71640560D+01
   0.40300000D+01 -0.71462792D+01
   0.40400000D+01 -0.71285904D+01
   0.40500000D+01 -0.71109890D+01
   0.40600000D+01 -0.70934743D+01
   0.40700000D+01 -0.70760456D+01
   0.40800000D+01 -0.70587024D+01
   0.40900000D+01 -0.70414439D+01
   0.41000000D+01 -0.70242696D+01
   0.41100000D+01 -0.70071789D+01
   0.41200000D+01 -0.69901711D+01
   0.41300000D+01 -0.69732458D+01
   0.41400000D+01 -0.69564022D+01
   0.41500000D+01 -0.69396399D+01
   0.41600000D+01 -0.69229581D+01
   0.41700000D+01 -0.69063563D+01
   0.41800000D+01 -0.68898339D+01
   0.41900000D+01 -0.68733903D+01
   0.42000000D+01 -0.68570251D+01
   0.42100000D+01 -0.68407376D+01
   0.42200000D+01 -0.68245273D+01
   0.42300000D+01 -0.68083936D+01
   0.42400000D+01 -0.67923361D+01
   0.42500000D+01 -0.67763542D+01
   0.42600000D+01 -0.67604473D+01
   0.42700000D+01 -0.67446149D+01
   0.42800000D+01 -0.67288565D+01
   0.42900000D+01 -0.67131714D+01
   0.43000000D+01 -0.66975594D+01
   0.43100000D+01 -0.66820198D+01
   0.43200000D+01 -0.66665521D+01
   0.43300000D+01 -0.66511559D+01
   0.43400000D+01 -0.66358307D+01
   0.43500000D+01 -0.66205759D+01
   0.43600000D+01 -0.66053912D+01
   0.43700000D+01 -0.65902759D+01
   0.43800000D+01 -0.65752296D+01
   0.43900000D+01 -0.65602518D+01
   0.44000000D+01 -0.65453421D+01
   0.44100000D+01 -0.65305001D+01
   0.44200000D+01 -0.65157251D+01
   0.44300000D+01 -0.65010169D+01
   0.44400000D+01 -0.64863750D+01
   0.44500000D+01 -0.64717989D+01
   0.44600000D+01 -0.64572882D+01
   0.44700000D+01 -0.64428424D+01
   0.44800000D+01 -0.64284611D+01
   0.44900000D+01 -0.64141438D+01
   0.45000000D+01 -0.63998901D+01
   0.45100000D+01 -0.63856996D+01
   0.45200000D+01 -0.63715720D+01
   0.45300000D+01 -0.63575066D+01
   0.45400000D+01 -0.63435033D+01
   0.45500000D+01 -0.63295616D+01
   0.45600000D+01 -0.63156810D+01
   0.45700000D+01 -0.63018611D+01
   0.45800000D+01 -0.62881016D+01
   0.45900000D+01 -0.62744021D+01
   0.46000000D+01 -0.62607621D+01
   0.46100000D+01 -0.62471813D+01
   0.46200000D+01 -0.62336592D+01
   0.46300000D+01 -0.62201955D+01
   0.46400000D+01 -0.62067899D+01
   0.46500000D+01 -0.61934420D+01
   0.46600000D+01 -0.61801513D+01
   0.46700000D+01 -0.61669176D+01
   0.46800000D+01 -0.61537405D+01
   0.46900000D+01 -0.61406195D+01
   0.47000000D+01 -0.61275544D+01
   0.47100000D+01 -0.61145447D+01
   0.47200000D+01 -0.61015902D+01
   0.47300000D+01 -0.60886904D+01
   0.47400000D+01 -0.60758450D+01
   0.47500000D+01 -0.60630537D+01
   0.47600000D+01 -0.60503162D+01
   0.47700000D+01 -0.60376321D+01
   0.47800000D+01 -0.60250011D+01
   0.47900000D+01 -0.60124228D+01
   0.48000000D+01 -0.59998970D+01
   0.48100000D+01 -0.59874232D+01
   0.48200000D+01 -0.59750012D+01
   0.48300000D+01 -0.59626306D+01
   0.48400000D+01 -0.59503111D+01
   0.48500000D+01 -0.59380424D+01
   0.48600000D+01 -0.59258241D+01
   0.48700000D+01 -0.59136561D+01
   0.48800000D+01 -0.59015379D+01
   0.48900000D+01 -0.58894693D+01
   0.49000000D+01 -0.58774500D+01
   0.49100000D+01 -0.58654797D+01
   0.49200000D+01 -0.58535580D+01
   0.49300000D+01 -0.58416847D+01
   0.49400000D+01 -0.58298595D+01
   0.49500000D+01 -0.58180820D+01
   0.49600000D+01 -0.58063519D+01
   0.49700000D+01 -0.57946691D+01
   0.49800000D+01 -0.57830332D+01
   0.49900000D+01 -0.57714439D+01
   0.50000000D+01 -0.57599010D+01
   0.50100000D+01 -0.57484042D+01
   0.50200000D+01 -0.57369532D+01
   0.50300000D+01 -0.57255478D+01
   0.50400000D+01 -0.57141876D+01
   0.50500000D+01 -0.57028724D+01
   0.50600000D+01 -0.56916019D+01
   0.50700000D+01 -0.56803759D+01
   0.50800000D+01 -0.56691940D+01
   0.50900000D+01 -0.56580561D+01
   0.51000000D+01 -0.56469618D+01
   0.51100000D+01 -0.56359110D+01
   0.51200000D+01 -0.56249033D+01
   0.51300000D+01 -0.56139386D+01
   0.51400000D+01 -0.56030166D+01
   0.51500000D+01 -0.55921369D+01
   0.51600000D+01 -0.55812995D+01
   0.51700000D+01 -0.55705040D+01
   0.51800000D+01 -0.55597501D+01
   0.51900000D+01 -0.55490377D+01
   0.52000000D+01 -0.55383665D+01
   0.52100000D+01 -0.55277362D+01
   0.52200000D+01 -0.55171466D+01
   0.52300000D+01 -0.55065976D+01
   0.52400000D+01 -0.54960888D+01
   0.52500000D+01 -0.54856200D+01
   0.52600000D+01 -0.54751911D+01
   0.52700000D+01 -0.54648017D+01
   0.52800000D+01 -0.54544517D+01
   0.52900000D+01 -0.54441409D+01
   0.53000000D+01 -0.54338690D+01
   0.53100000D+01 -0.54236357D+01
   0.53200000D+01 -0.54134409D+01
   0.53300000D+01 -0.54032844D+01
   0.53400000D+01 -0.53931658D+01
   0.53500000D+01 -0.53830851D+01
   0.53600000D+01 -0.53730420D+01
   0.53700000D+01 -0.53630363D+01
   0.53800000D+01 -0.53530679D+01
   0.53900000D+01 -0.53431364D+01
   0.54000000D+01 -0.53332417D+01
   0.54100000D+01 -0.53233836D+01
   0.54200000D+01 -0.53135619D+01
   0.54300000D+01 -0.53037763D+01
   0.54400000D+01 -0.52940268D+01
   0.54500000D+01 -0.52843130D+01
   0.54600000D+01 -0.52746347D+01
   0.54700000D+01 -0.52649919D+01
   0.54800000D+01 -0.52553842D+01
   0.54900000D+01 -0.52458115D+01
   0.55000000D+01 -0.52362737D+01
   0.55100000D+01 -0.52267704D+01
   0.55200000D+01 -0.52173016D+01
   0.55300000D+01 -0.52078671D+01
   0.55400000D+01 -0.51984666D+01
   0.55500000D+01 -0.51891001D+01
   0.55600000D+01 -0.51797672D+01
   0.55700000D+01 -0.51704678D+01
   0.55800000D+01 -0.51612017D+01
   0.55900000D+01 -0.51519688D+01
   0.56000000D+01 -0.51427689D+01
   0.56100000D+01 -0.51336017D+01
   0.56200000D+01 -0.51244671D+01
   0.56300000D+01 -0.51153651D+01
   0.56400000D+01 -0.51062952D+01
   0.56500000D+01 -0.50972575D+01
   0.56600000D+01 -0.50882518D+01
   0.56700000D+01 -0.50792778D+01
   0.56800000D+01 -0.50703354D+01
   0.56900000D+01 -0.50614245D+01
   0.57000000D+01 -0.50525448D+01
   0.57100000D+01 -0.50436963D+01
   0.57200000D+01 -0.50348786D+01
   0.57300000D+01 -0.50260917D+01
   0.57400000D+01 -0.50173355D+01
   0.57500000D+01 -0.50086097D+01
   0.57600000D+01 -0.49999141D+01
   0.57700000D+01 -0.49912487D+01
   0.57800000D+01 -0.49826133D+01
   0.57900000D+01 -0.49740078D+01
   0.58000000D+01 -0.49654319D+01
   0.58100000D+01 -0.49568856D+01
   0.58200000D+01 -0.49483686D+01
   0.58300000D+01 -0.49398808D+01
   0.58400000D+01 -0.49314222D+01
   0.58500000D+01 -0.49229924D+01
   0.58600000D+01 -0.49145914D+01
   0.58700000D+01 -0.49062190D+01
   0.58800000D+01 -0.48978751D+01
   0.58900000D+01 -0.48895595D+01
   0.59000000D+01 -0.48812721D+01
   0.59100000D+01 -0.48730127D+01
   0.59200000D+01 -0.48647813D+01
   0.59300000D+01 -0.48565776D+01
   0.59400000D+01 -0.48484015D+01
   0.59500000D+01 -0.48402530D+01
   0.59600000D+01 -0.48321317D+01
   0.59700000D+01 -0.48240377D+01
   0.59800000D+01 -0.48159708D+01
   0.59900000D+01 -0.48079308D+01
   0.60000000D+01 -0.47999176D+01
   0.60100000D+01 -0.47919311D+01
   0.60200000D+01 -0.47839710D+01
   0.60300000D+01 -0.47760374D+01
   0.60400000D+01 -0.47681300D+01
   0.60500000D+01 -0.47602488D+01
   0.60600000D+01 -0.47523936D+01
   0.60700000D+01 -0.47445643D+01
   0.60800000D+01 -0.47367607D+01
   0.60900000D+01 -0.47289828D+01
   0.61000000D+01 -0.47212303D+01
   0.61100000D+01 -0.47135033D+01
   0.61200000D+01 -0.47058015D+01
   0.61300000D+01 -0.46981249D+01
   0.61400000D+01 -0.46904732D+01
   0.61500000D+01 -0.46828464D+01
   0.61600000D+01 -0.46752444D+01
   0.61700000D+01 -0.46676670D+01
   0.61800000D+01 -0.46601142D+01
   0.61900000D+01 -0.46525857D+01
   0.62000000D+01 -0.46450815D+01
   0.62100000D+01 -0.46376015D+01
   0.62200000D+01 -0.46301455D+01
   0.62300000D+01 -0.46227135D+01
   0.62400000D+01 -0.46153053D+01
   0.62500000D+01 -0.46079208D+01
   0.62600000D+01 -0.46005599D+01
   0.62700000D+01 -0.45932225D+01
   0.62800000D+01 -0.45859085D+01
   0.62900000D+01 -0.45786177D+01
   0.63000000D+01 -0.45713501D+01
   0.63100000D+01 -0.45641055D+01
   0.63200000D+01 -0.45568838D+01
   0.63300000D+01 -0.45496849D+01
   0.63400000D+01 -0.45425088D+01
   0.63500000D+01 -0.45353552D+01
   0.63600000D+01 -0.45282241D+01
   0.63700000D+01 -0.45211154D+01
   0.63800000D+01 -0.45140290D+01
   0.63900000D+01 -0.45069648D+01
   0.64000000D+01 -0.44999227D+01
   0.64100000D+01 -0.44929025D+01
   0.64200000D+01 -0.44859042D+01
   0.64300000D+01 -0.44789277D+01
   0.64400000D+01 -0.44719729D+01
   0.64500000D+01 -0.44650396D+01
   0.64600000D+01 -0.44581278D+01
   0.64700000D+01 -0.44512374D+01
   0.64800000D+01 -0.44443682D+01
   0.64900000D+01 -0.44375201D+01
   0.65000000D+01 -0.44306931D+01
   0.65100000D+01 -0.44238871D+01
   0.65200000D+01 -0.44171020D+01
   0.65300000D+01 -0.44103377D+01
   0.65400000D+01 -0.44035940D+01
   0.65500000D+01 -0.43968710D+01
   0.65600000D+01 -0.43901685D+01
   0.65700000D+01 -0.43834863D+01
   0.65800000D+01 -0.43768245D+01
   0.65900000D+01 -0.43701829D+01
   0.66000000D+01 -0.43635614D+01
   0.66100000D+01 -0.43569600D+01
   0.66200000D+01 -0.43503785D+01
   0.66300000D+01 -0.43438168D+01
   0.66400000D+01 -0.43372749D+01
   0.66500000D+01 -0.43307527D+01
   0.66600000D+01 -0.43242501D+01
   0.66700000D+01 -0.43177669D+01
   0.66800000D+01 -0.43113032D+01
   0.66900000D+01 -0.43048588D+01
   0.67000000D+01 -0.42984336D+01
   0.67100000D+01 -0.42920276D+01
   0.67200000D+01 -0.42856406D+01
   0.67300000D+01 -0.42792727D+01
   0.67400000D+01 -0.42729236D+01
   0.67500000D+01 -0.42665934D+01
   0.67600000D+01 -0.42602819D+01
   0.67700000D+01 -0.42539890D+01
   0.67800000D+01 -0.42477147D+01
   0.67900000D+01 -0.42414589D+01
   0.68000000D+01 -0.42352214D+01
   0.68100000D+01 -0.42290023D+01
   0.68200000D+01 -0.42228014D+01
   0.68300000D+01 -0.42166187D+01
   0.68400000D+01 -0.42104540D+01
   0.68500000D+01 -0.42043073D+01
   0.68600000D+01 -0.41981786D+01
   0.68700000D+01 -0.41920677D+01
   0.68800000D+01 -0.41859746D+01
   0.68900000D+01 -0.41798991D+01
   0.69000000D+01 -0.41738413D+01
   0.69100000D+01 -0.41678011D+01
   0.69200000D+01 -0.41617782D+01
   0.69300000D+01 -0.41557728D+01
   0.69400000D+01 -0.41497847D+01
   0.69500000D+01 -0.41438138D+01
   0.69600000D+01 -0.41378600D+01
   0.69700000D+01 -0.41319233D+01
   0.69800000D+01 -0.41260037D+01
   0.69900000D+01 -0.41201009D+01
   0.70000000D+01 -0.41142151D+01
   0.70100000D+01 -0.41083460D+01
   0.70200000D+01 -0.41024936D+01
   0.70300000D+01 -0.40966579D+01
   0.70400000D+01 -0.40908388D+01
   0.70500000D+01 -0.40850362D+01
   0.70600000D+01 -0.40792500D+01
   0.70700000D+01 -0.40734802D+01
   0.70800000D+01 -0.40677267D+01
   0.70900000D+01 -0.40619895D+01
   0.71000000D+01 -0.40562684D+01
   0.71100000D+01 -0.40505634D+01
   0.71200000D+01 -0.40448744D+01
   0.71300000D+01 -0.40392014D+01
   0.71400000D+01 -0.40335442D+01
   0.71500000D+01 -0.40279029D+01
   0.71600000D+01 -0.40222773D+01
   0.71700000D+01 -0.40166674D+01
   0.71800000D+01 -0.40110732D+01
   0.71900000D+01 -0.40054945D+01
   0.72000000D+01 -0.39999313D+01
   0.72100000D+01 -0.39943835D+01
   0.72200000D+01 -0.39888511D+01
   0.72300000D+01 -0.39833340D+01
   0.72400000D+01 -0.39778322D+01
   0.72500000D+01 -0.39723455D+01
   0.72600000D+01 -0.39668740D+01
   0.72700000D+01 -0.39614175D+01
   0.72800000D+01 -0.39559760D+01
   0.72900000D+01 -0.39505495D+01
   0.73000000D+01 -0.39451378D+01
   0.73100000D+01 -0.39397409D+01
   0.73200000D+01 -0.39343587D+01
   0.73300000D+01 -0.39289912D+01
   0.73400000D+01 -0.39236383D+01
   0.73500000D+01 -0.39183001D+01
   0.73600000D+01 -0.39129763D+01
   0.73700000D+01 -0.39076669D+01
   0.73800000D+01 -0.39023720D+01
   0.73900000D+01 -0.38970914D+01
   0.74000000D+01 -0.38918250D+01
   0.74100000D+01 -0.38865729D+01
   0.74200000D+01 -0.38813349D+01
   0.74300000D+01 -0.38761111D+01
   0.74400000D+01 -0.38709013D+01
   0.74500000D+01 -0.38657054D+01
   0.74600000D+01 -0.38605235D+01
   0.74700000D+01 -0.38553555D+01
   0.74800000D+01 -0.38502013D+01
   0.74900000D+01 -0.38450608D+01
   0.75000000D+01 -0.38399341D+01
   0.75100000D+01 -0.38348210D+01
   0.75200000D+01 -0.38297215D+01
   0.75300000D+01 -0.38246355D+01
   0.75400000D+01 -0.38195630D+01
   0.75500000D+01 -0.38145040D+01
   0.75600000D+01 -0.38094584D+01
   0.75700000D+01 -0.38044260D+01
   0.75800000D+01 -0.37994070D+01
   0.75900000D+01 -0.37944012D+01
   0.76000000D+01 -0.37894086D+01
   0.76100000D+01 -0.37844291D+01
   0.76200000D+01 -0.37794626D+01
   0.76300000D+01 -0.37745092D+01
   0.76400000D+01 -0.37695688D+01
   0.76500000D+01 -0.37646413D+01
   0.76600000D+01 -0.37597266D+01
   0.76700000D+01 -0.37548247D+01
   0.76800000D+01 -0.37499356D+01
   0.76900000D+01 -0.37450593D+01
   0.77000000D+01 -0.37401955D+01
   0.77100000D+01 -0.37353444D+01
   0.77200000D+01 -0.37305059D+01
   0.77300000D+01 -0.37256799D+01
   0.77400000D+01 -0.37208663D+01
   0.77500000D+01 -0.37160652D+01
   0.77600000D+01 -0.37112764D+01
   0.77700000D+01 -0.37065000D+01
   0.77800000D+01 -0.37017359D+01
   0.77900000D+01 -0.36969840D+01
   0.78000000D+01 -0.36922443D+01
   0.78100000D+01 -0.36875167D+01
   0.78200000D+01 -0.36828012D+01
   0.78300000D+01 -0.36780978D+01
   0.78400000D+01 -0.36734063D+01
   0.78500000D+01 -0.36687268D+01
   0.78600000D+01 -0.36640592D+01
   0.78700000D+01 -0.36594035D+01
   0.78800000D+01 -0.36547596D+01
   0.78900000D+01 -0.36501274D+01
   0.79000000D+01 -0.36455070D+01
   0.79100000D+01 -0.36408983D+01
   0.79200000D+01 -0.36363012D+01
   0.79300000D+01 -0.36317157D+01
   0.79400000D+01 -0.36271417D+01
   0.79500000D+01 -0.36225793D+01
   0.79600000D+01 -0.36180283D+01
   0.79700000D+01 -0.36134887D+01
   0.79800000D+01 -0.36089605D+01
   0.79900000D+01 -0.36044437D+01
   0.80000000D+01 -0.35999382D+01
   0.80100000D+01 -0.35954439D+01
   0.80200000D+01 -0.35909608D+01
   0.80300000D+01 -0.35864889D+01
   0.80400000D+01 -0.35820281D+01
   0.80500000D+01 -0.35775783D+01
   0.80600000D+01 -0.35731397D+01
   0.80700000D+01 -0.35687120D+01
   0.80800000D+01 -0.35642952D+01
   0.80900000D+01 -0.35598894D+01
   0.81000000D+01 -0.35554945D+01
   0.81100000D+01 -0.35511104D+01
   0.81200000D+01 -0.35467371D+01
   0.81300000D+01 -0.35423746D+01
   0.81400000D+01 -0.35380227D+01
   0.81500000D+01 -0.35336816D+01
   0.81600000D+01 -0.35293511D+01
   0.81700000D+01 -0.35250312D+01
   0.81800000D+01 -0.35207219D+01
   0.81900000D+01 -0.35164231D+01
   0.82000000D+01 -0.35121348D+01
   0.82100000D+01 -0.35078569D+01
   0.82200000D+01 -0.35035895D+01
   0.82300000D+01 -0.34993324D+01
   0.82400000D+01 -0.34950856D+01
   0.82500000D+01 -0.34908492D+01
   0.82600000D+01 -0.34866230D+01
   0.82700000D+01 -0.34824070D+01
   0.82800000D+01 -0.34782012D+01
   0.82900000D+01 -0.34740055D+01
   0.83000000D+01 -0.34698199D+01
   0.83100000D+01 -0.34656444D+01
   0.83200000D+01 -0.34614790D+01
   0.83300000D+01 -0.34573235D+01
   0.83400000D+01 -0.34531781D+01
   0.83500000D+01 -0.34490425D+01
   0.83600000D+01 -0.34449169D+01
   0.83700000D+01 -0.34408011D+01
   0.83800000D+01 -0.34366951D+01
   0.83900000D+01 -0.34325990D+01
   0.84000000D+01 -0.34285125D+01
   0.84100000D+01 -0.34244358D+01
   0.84200000D+01 -0.34203688D+01
   0.84300000D+01 -0.34163115D+01
   0.84400000D+01 -0.34122637D+01
   0.84500000D+01 -0.34082255D+01
   0.84600000D+01 -0.34041969D+01
   0.84700000D+01 -0.34001778D+01
   0.84800000D+01 -0.33961681D+01
   0.84900000D+01 -0.33921679D+01
   0.85000000D+01 -0.33881771D+01
   0.85100000D+01 -0.33841957D+01
   0.85200000D+01 -0.33802236D+01
   0.85300000D+01 -0.33762609D+01
   0.85400000D+01 -0.33723074D+01
   0.85500000D+01 -0.33683632D+01
   0.85600000D+01 -0.33644282D+01
   0.85700000D+01 -0.33605023D+01
   0.85800000D+01 -0.33565857D+01
   0.85900000D+01 -0.33526781D+01
   0.86000000D+01 -0.33487797D+01
   0.86100000D+01 -0.33448903D+01
   0.86200000D+01 -0.33410099D+01
   0.86300000D+01 -0.33371385D+01
   0.86400000D+01 -0.33332761D+01
   0.86500000D+01 -0.33294226D+01
   0.86600000D+01 -0.33255780D+01
   0.86700000D+01 -0.33217423D+01
   0.86800000D+01 -0.33179154D+01
   0.86900000D+01 -0.33140973D+01
   0.87000000D+01 -0.33102880D+01
   0.87100000D+01 -0.33064874D+01
   0.87200000D+01 -0.33026956D+01
   0.87300000D+01 -0.32989124D+01
   0.87400000D+01 -0.32951379D+01
   0.87500000D+01 -0.32913720D+01
   0.87600000D+01 -0.32876147D+01
   0.87700000D+01 -0.32838660D+01
   0.87800000D+01 -0.32801259D+01
   0.87900000D+01 -0.32763942D+01
   0.88000000D+01 -0.32726710D+01
   0.88100000D+01 -0.32689563D+01
   0.88200000D+01 -0.32652500D+01
   0.88300000D+01 -0.32615521D+01
   0.88400000D+01 -0.32578626D+01
   0.88500000D+01 -0.32541814D+01
   0.88600000D+01 -0.32505085D+01
   0.88700000D+01 -0.32468439D+01
   0.88800000D+01 -0.32431876D+01
   0.88900000D+01 -0.32395394D+01
   0.89000000D+01 -0.32358995D+01
   0.89100000D+01 -0.32322677D+01
   0.89200000D+01 -0.32286441D+01
   0.89300000D+01 -0.32250286D+01
   0.89400000D+01 -0.32214212D+01
   0.89500000D+01 -0.32178218D+01
   0.89600000D+01 -0.32142305D+01
   0.89700000D+01 -0.32106472D+01
   0.89800000D+01 -0.32070718D+01
   0.89900000D+01 -0.32035045D+01
   0.90000000D+01 -0.31999450D+01
   0.90100000D+01 -0.31963935D+01
   0.90200000D+01 -0.31928498D+01
   0.90300000D+01 -0.31893140D+01
   0.90400000D+01 -0.31857860D+01
   0.90500000D+01 -0.31822658D+01
   0.90600000D+01 -0.31787534D+01
   0.90700000D+01 -0.31752487D+01
   0.90800000D+01 -0.31717517D+01
   0.90900000D+01 -0.31682625D+01
   0.91000000D+01 -0.31647808D+01
   0.91100000D+01 -0.31613069D+01
   0.91200000D+01 -0.31578405D+01
   0.91300000D+01 -0.31543818D+01
   0.91400000D+01 -0.31509306D+01
   0.91500000D+01 -0.31474869D+01
   0.91600000D+01 -0.31440508D+01
   0.91700000D+01 -0.31406222D+01
   0.91800000D+01 -0.31372010D+01
   0.91900000D+01 -0.31337873D+01
   0.92000000D+01 -0.31303810D+01
   0.92100000D+01 -0.31269821D+01
   0.92200000D+01 -0.31235906D+01
   0.92300000D+01 -0.31202064D+01
   0.92400000D+01 -0.31168296D+01
   0.92500000D+01 -0.31134600D+01
   0.92600000D+01 -0.31100978D+01
   0.92700000D+01 -0.31067428D+01
   0.92800000D+01 -0.31033950D+01
   0.92900000D+01 -0.31000544D+01
   0.93000000D+01 -0.30967210D+01
   0.93100000D+01 -0.30933948D+01
   0.93200000D+01 -0.30900757D+01
   0.93300000D+01 -0.30867637D+01
   0.93400000D+01 -0.30834589D+01
   0.93500000D+01 -0.30801610D+01
   0.93600000D+01 -0.30768703D+01
   0.93700000D+01 -0.30735865D+01
   0.93800000D+01 -0.30703097D+01
   0.93900000D+01 -0.30670400D+01
   0.94000000D+01 -0.30637772D+01
   0.94100000D+01 -0.30605213D+01
   0.94200000D+01 -0.30572723D+01
   0.94300000D+01 -0.30540302D+01
   0.94400000D+01 -0.30507950D+01
   0.94500000D+01 -0.30475667D+01
   0.94600000D+01 -0.30443451D+01
   0.94700000D+01 -0.30411304D+01
   0.94800000D+01 -0.30379225D+01
   0.94900000D+01 -0.30347213D+01
   0.95000000D+01 -0.30315269D+01
   0.95100000D+01 -0.30283392D+01
   0.95200000D+01 -0.30251581D+01
   0.95300000D+01 -0.30219838D+01
   0.95400000D+01 -0.30188161D+01
   0.95500000D+01 -0.30156550D+01
   0.95600000D+01 -0.30125006D+01
   0.95700000D+01 -0.30093527D+01
   0.95800000D+01 -0.30062114D+01
   0.95900000D+01 -0.30030767D+01
   0.96000000D+01 -0.29999485D+01
   0.96100000D+01 -0.29968268D+01
   0.96200000D+01 -0.29937116D+01
   0.96300000D+01 -0.29906028D+01
   0.96400000D+01 -0.29875005D+01
   0.96500000D+01 -0.29844047D+01
   0.96600000D+01 -0.29813152D+01
   0.96700000D+01 -0.29782322D+01
   0.96800000D+01 -0.29751555D+01
   0.96900000D+01 -0.29720851D+01
   0.97000000D+01 -0.29690211D+01
   0.97100000D+01 -0.29659635D+01
   0.97200000D+01 -0.29629121D+01
   0.97300000D+01 -0.29598669D+01
   0.97400000D+01 -0.29568281D+01
   0.97500000D+01 -0.29537954D+01
   0.97600000D+01 -0.29507690D+01
   0.97700000D+01 -0.29477488D+01
   0.97800000D+01 -0.29447347D+01
   0.97900000D+01 -0.29417268D+01
   0.98000000D+01 -0.29387251D+01
   0.98100000D+01 -0.29357294D+01
   0.98200000D+01 -0.29327399D+01
   0.98300000D+01 -0.29297564D+01
   0.98400000D+01 -0.29267790D+01
   0.98500000D+01 -0.29238077D+01
   0.98600000D+01 -0.29208423D+01
   0.98700000D+01 -0.29178830D+01
   0.98800000D+01 -0.29149297D+01
   0.98900000D+01 -0.29119823D+01
   0.99000000D+01 -0.29090409D+01
   0.99100000D+01 -0.29061055D+01
   0.99200000D+01 -0.29031759D+01
   0.99300000D+01 -0.29002523D+01
   0.99400000D+01 -0.28973345D+01
   0.99500000D+01 -0.28944226D+01
   0.99600000D+01 -0.28915166D+01
   0.99700000D+01 -0.28886164D+01
   0.99800000D+01 -0.28857220D+01
   0.99900000D+01 -0.28828334D+01
   0.10000000D+02 -0.28799506D+01
   0.00000000D+00  0.77116144D-02
   0.10000000D-01  0.77070924D-01
   0.20000000D-01  0.15384707D+00
   0.30000000D-01  0.23003371D+00
   0.40000000D-01  0.30533902D+00
   0.50000000D-01  0.37947484D+00
   0.60000000D-01  0.45215818D+00
   0.70000000D-01  0.52311280D+00
   0.80000000D-01  0.59207111D+00
   0.90000000D-01  0.65877621D+00
   0.10000000D+00  0.72298412D+00
   0.11000000D+00  0.78446617D+00
   0.12000000D+00  0.84301151D+00
   0.13000000D+00  0.89842963D+00
   0.14000000D+00  0.95055285D+00
   0.15000000D+00  0.99923867D+00
   0.16000000D+00  0.10443719D+01
   0.17000000D+00  0.10858664D+01
   0.18000000D+00  0.11236666D+01
   0.19000000D+00  0.11577482D+01
   0.20000000D+00  0.11881187D+01
   0.21000000D+00  0.12148172D+01
   0.22000000D+00  0.12379132D+01
   0.23000000D+00  0.12575055D+01
   0.24000000D+00  0.12737199D+01
   0.25000000D+00  0.12867068D+01
   0.26000000D+00  0.12966380D+01
   0.27000000D+00  0.13037035D+01
   0.28000000D+00  0.13081075D+01
   0.29000000D+00  0.13100647D+01
   0.30000000D+00  0.13097966D+01
   0.31000000D+00  0.13075273D+01
   0.32000000D+00  0.13034798D+01
   0.33000000D+00  0.12978728D+01
   0.34000000D+00  0.12909174D+01
   0.35000000D+00  0.12828141D+01
   0.36000000D+00  0.12737505D+01
   0.37000000D+00  0.12638993D+01
   0.38000000D+00  0.12534169D+01
   0.39000000D+00  0.12424420D+01
   0.40000000D+00  0.12310955D+01
   0.41000000D+00  0.12194794D+01
   0.42000000D+00  0.12076779D+01
   0.43000000D+00  0.11957575D+01
   0.44000000D+00  0.11837682D+01
   0.45000000D+00  0.11717444D+01
   0.46000000D+00  0.11597071D+01
   0.47000000D+00  0.11476653D+01
   0.48000000D+00  0.11356184D+01
   0.49000000D+00  0.11235584D+01
   0.50000000D+00  0.11114724D+01
   0.51000000D+00  0.10993448D+01
   0.52000000D+00  0.10871602D+01
   0.53000000D+00  0.10749050D+01
   0.54000000D+00  0.10625697D+01
   0.55000000D+00  0.10501502D+01
   0.56000000D+00  0.10376481D+01
   0.57000000D+00  0.10250713D+01
   0.58000000D+00  0.10124319D+01
   0.59000000D+00  0.99974406D+00
   0.60000000D+00  0.98702219D+00
   0.61000000D+00  0.97427904D+00
   0.62000000D+00  0.96152646D+00
   0.63000000D+00  0.94877571D+00
   0.64000000D+00  0.93603727D+00
   0.65000000D+00  0.92332093D+00
   0.66000000D+00  0.91063579D+00
   0.67000000D+00  0.89799032D+00
   0.68000000D+00  0.88539241D+00
   0.69000000D+00  0.87284937D+00
   0.70000000D+00  0.86036801D+00
   0.71000000D+00  0.84795462D+00
   0.72000000D+00  0.83561502D+00
   0.73000000D+00  0.82335464D+00
   0.74000000D+00  0.81117843D+00
   0.75000000D+00  0.79909100D+00
   0.76000000D+00  0.78709656D+00
   0.77000000D+00  0.77519900D+00
   0.78000000D+00  0.76340187D+00
   0.79000000D+00  0.75170841D+00
   0.80000000D+00  0.74012160D+00
   0.81000000D+00  0.72864409D+00
   0.82000000D+00  0.71727835D+00
   0.83000000D+00  0.70602654D+00
   0.84000000D+00  0.69489064D+00
   0.85000000D+00  0.68387238D+00
   0.86000000D+00  0.67297332D+00
   0.87000000D+00  0.66219482D+00
   0.88000000D+00  0.65153804D+00
   0.89000000D+00  0.64100401D+00
   0.90000000D+00  0.63059357D+00
   0.91000000D+00  0.62030743D+00
   0.92000000D+00  0.61014614D+00
   0.93000000D+00  0.60011017D+00
   0.94000000D+00  0.59019979D+00
   0.95000000D+00  0.58041522D+00
   0.96000000D+00  0.57075653D+00
   0.97000000D+00  0.56122371D+00
   0.98000000D+00  0.55181666D+00
   0.99000000D+00  0.54253515D+00
   0.10000000D+01  0.53337893D+00
   0.10100000D+01  0.52434760D+00
   0.10200000D+01  0.51544075D+00
   0.10300000D+01  0.50665787D+00
   0.10400000D+01  0.49799838D+00
   0.10500000D+01  0.48946166D+00
   0.10600000D+01  0.48104701D+00
   0.10700000D+01  0.47275372D+00
   0.10800000D+01  0.46458099D+00
   0.10900000D+01  0.45652798D+00
   0.11000000D+01  0.44859384D+00
   0.11100000D+01  0.44077764D+00
   0.11200000D+01  0.43307846D+00
   0.11300000D+01  0.42549531D+00
   0.11400000D+01  0.41802719D+00
   0.11500000D+01  0.41067306D+00
   0.11600000D+01  0.40343187D+00
   0.11700000D+01  0.39630253D+00
   0.11800000D+01  0.38928395D+00
   0.11900000D+01  0.38237500D+00
   0.12000000D+01  0.37557455D+00
   0.12100000D+01  0.36888145D+00
   0.12200000D+01  0.36229454D+00
   0.12300000D+01  0.35581263D+00
   0.12400000D+01  0.34943455D+00
   0.12500000D+01  0.34315910D+00
   0.12600000D+01  0.33698508D+00
   0.12700000D+01  0.33091129D+00
   0.12800000D+01  0.32493651D+00
   0.12900000D+01  0.31905952D+00
   0.13000000D+01  0.31327912D+00
   0.13100000D+01  0.30759408D+00
   0.13200000D+01  0.30200319D+00
   0.13300000D+01  0.29650522D+00
   0.13400000D+01  0.29109896D+00
   0.13500000D+01  0.28578320D+00
   0.13600000D+01  0.28055671D+00
   0.13700000D+01  0.27541831D+00
   0.13800000D+01  0.27036677D+00
   0.13900000D+01  0.26540091D+00
   0.14000000D+01  0.26051952D+00
   0.14100000D+01  0.25572142D+00
   0.14200000D+01  0.25100544D+00
   0.14300000D+01  0.24637039D+00
   0.14400000D+01  0.24181510D+00
   0.14500000D+01  0.23733843D+00
   0.14600000D+01  0.23293922D+00
   0.14700000D+01  0.22861633D+00
   0.14800000D+01  0.22436862D+00
   0.14900000D+01  0.22019498D+00
   0.15000000D+01  0.21609428D+00
   0.15100000D+01  0.21206542D+00
   0.15200000D+01  0.20810732D+00
   0.15300000D+01  0.20421888D+00
   0.15400000D+01  0.20039903D+00
   0.15500000D+01  0.19664671D+00
   0.15600000D+01  0.19296087D+00
   0.15700000D+01  0.18934047D+00
   0.15800000D+01  0.18578447D+00
   0.15900000D+01  0.18229185D+00
   0.16000000D+01  0.17886162D+00
   0.16100000D+01  0.17549277D+00
   0.16200000D+01  0.17218430D+00
   0.16300000D+01  0.16893527D+00
   0.16400000D+01  0.16574470D+00
   0.16500000D+01  0.16261165D+00
   0.16600000D+01  0.15953516D+00
   0.16700000D+01  0.15651432D+00
   0.16800000D+01  0.15354821D+00
   0.16900000D+01  0.15063594D+00
   0.17000000D+01  0.14777659D+00
   0.17100000D+01  0.14496929D+00
   0.17200000D+01  0.14221319D+00
   0.17300000D+01  0.13950742D+00
   0.17400000D+01  0.13685112D+00
   0.17500000D+01  0.13424346D+00
   0.17600000D+01  0.13168365D+00
   0.17700000D+01  0.12917084D+00
   0.17800000D+01  0.12670425D+00
   0.17900000D+01  0.12428308D+00
   0.18000000D+01  0.12190656D+00
   0.18100000D+01  0.11957392D+00
   0.18200000D+01  0.11728442D+00
   0.18300000D+01  0.11503728D+00
   0.18400000D+01  0.11283179D+00
   0.18500000D+01  0.11066724D+00
   0.18600000D+01  0.10854291D+00
   0.18700000D+01  0.10645808D+00
   0.18800000D+01  0.10441206D+00
   0.18900000D+01  0.10240420D+00
   0.19000000D+01  0.10043381D+00
   0.19100000D+01  0.98500240D-01
   0.19200000D+01  0.96602819D-01
   0.19300000D+01  0.94740922D-01
   0.19400000D+01  0.92913928D-01
   0.19500000D+01  0.91121215D-01
   0.19600000D+01  0.89362163D-01
   0.19700000D+01  0.87636167D-01
   0.19800000D+01  0.85942650D-01
   0.19900000D+01  0.84281035D-01
   0.20000000D+01  0.82650746D-01
   0.20100000D+01  0.81051210D-01
   0.20200000D+01  0.79481873D-01
   0.20300000D+01  0.77942203D-01
   0.20400000D+01  0.76431667D-01
   0.20500000D+01  0.74949735D-01
   0.20600000D+01  0.73495876D-01
   0.20700000D+01  0.72069582D-01
   0.20800000D+01  0.70670364D-01
   0.20900000D+01  0.69297733D-01
   0.21000000D+01  0.67951199D-01
   0.21100000D+01  0.66630276D-01
   0.21200000D+01  0.65334493D-01
   0.21300000D+01  0.64063402D-01
   0.21400000D+01  0.62816555D-01
   0.21500000D+01  0.61593504D-01
   0.21600000D+01  0.60393801D-01
   0.21700000D+01  0.59217011D-01
   0.21800000D+01  0.58062723D-01
   0.21900000D+01  0.56930528D-01
   0.22000000D+01  0.55820017D-01
   0.22100000D+01  0.54730780D-01
   0.22200000D+01  0.53662413D-01
   0.22300000D+01  0.52614538D-01
   0.22400000D+01  0.51586782D-01
   0.22500000D+01  0.50578773D-01
   0.22600000D+01  0.49590139D-01
   0.22700000D+01  0.48620508D-01
   0.22800000D+01  0.47669524D-01
   0.22900000D+01  0.46736851D-01
   0.23000000D+01  0.45822150D-01
   0.23100000D+01  0.44925083D-01
   0.23200000D+01  0.44045314D-01
   0.23300000D+01  0.43182509D-01
   0.23400000D+01  0.42336356D-01
   0.23500000D+01  0.41506549D-01
   0.23600000D+01  0.40692784D-01
   0.23700000D+01  0.39894756D-01
   0.23800000D+01  0.39112160D-01
   0.23900000D+01  0.38344700D-01
   0.24000000D+01  0.37592098D-01
   0.24100000D+01  0.36854079D-01
   0.24200000D+01  0.36130370D-01
   0.24300000D+01  0.35420695D-01
   0.24400000D+01  0.34724781D-01
   0.24500000D+01  0.34042363D-01
   0.24600000D+01  0.33373193D-01
   0.24700000D+01  0.32717025D-01
   0.24800000D+01  0.32073613D-01
   0.24900000D+01  0.31442712D-01
   0.25000000D+01  0.30824074D-01
   0.25100000D+01  0.30217464D-01
   0.25200000D+01  0.29622659D-01
   0.25300000D+01  0.29039439D-01
   0.25400000D+01  0.28467585D-01
   0.25500000D+01  0.27906877D-01
   0.25600000D+01  0.27357094D-01
   0.25700000D+01  0.26818024D-01
   0.25800000D+01  0.26289467D-01
   0.25900000D+01  0.25771227D-01
   0.26000000D+01  0.25263109D-01
   0.26100000D+01  0.24764917D-01
   0.26200000D+01  0.24276455D-01
   0.26300000D+01  0.23797531D-01
   0.26400000D+01  0.23327963D-01
   0.26500000D+01  0.22867578D-01
   0.26600000D+01  0.22416203D-01
   0.26700000D+01  0.21973664D-01
   0.26800000D+01  0.21539787D-01
   0.26900000D+01  0.21114401D-01
   0.27000000D+01  0.20697337D-01
   0.27100000D+01  0.20288442D-01
   0.27200000D+01  0.19887563D-01
   0.27300000D+01  0.19494546D-01
   0.27400000D+01  0.19109238D-01
   0.27500000D+01  0.18731486D-01
   0.27600000D+01  0.18361138D-01
   0.27700000D+01  0.17998052D-01
   0.27800000D+01  0.17642092D-01
   0.27900000D+01  0.17293125D-01
   0.28000000D+01  0.16951016D-01
   0.28100000D+01  0.16615629D-01
   0.28200000D+01  0.16286830D-01
   0.28300000D+01  0.15964485D-01
   0.28400000D+01  0.15648473D-01
   0.28500000D+01  0.15338676D-01
   0.28600000D+01  0.15034976D-01
   0.28700000D+01  0.14737253D-01
   0.28800000D+01  0.14445391D-01
   0.28900000D+01  0.14159270D-01
   0.29000000D+01  0.13878775D-01
   0.29100000D+01  0.13603800D-01
   0.29200000D+01  0.13334240D-01
   0.29300000D+01  0.13069994D-01
   0.29400000D+01  0.12810957D-01
   0.29500000D+01  0.12557027D-01
   0.29600000D+01  0.12308101D-01
   0.29700000D+01  0.12064076D-01
   0.29800000D+01  0.11824858D-01
   0.29900000D+01  0.11590359D-01
   0.30000000D+01  0.11360488D-01
   0.30100000D+01  0.11135155D-01
   0.30200000D+01  0.10914271D-01
   0.30300000D+01  0.10697747D-01
   0.30400000D+01  0.10485492D-01
   0.30500000D+01  0.10277424D-01
   0.30600000D+01  0.10073462D-01
   0.30700000D+01  0.98735311D-02
   0.30800000D+01  0.96775524D-02
   0.30900000D+01  0.94854484D-02
   0.31000000D+01  0.92971416D-02
   0.31100000D+01  0.91125543D-02
   0.31200000D+01  0.89316105D-02
   0.31300000D+01  0.87542411D-02
   0.31400000D+01  0.85803791D-02
   0.31500000D+01  0.84099576D-02
   0.31600000D+01  0.82429097D-02
   0.31700000D+01  0.80791686D-02
   0.31800000D+01  0.79186671D-02
   0.31900000D+01  0.77613385D-02
   0.32000000D+01  0.76071189D-02
   0.32100000D+01  0.74559501D-02
   0.32200000D+01  0.73077747D-02
   0.32300000D+01  0.71625353D-02
   0.32400000D+01  0.70201743D-02
   0.32500000D+01  0.68806343D-02
   0.32600000D+01  0.67438579D-02
   0.32700000D+01  0.66097876D-02
   0.32800000D+01  0.64783695D-02
   0.32900000D+01  0.63495540D-02
   0.33000000D+01  0.62232922D-02
   0.33100000D+01  0.60995347D-02
   0.33200000D+01  0.59782326D-02
   0.33300000D+01  0.58593366D-02
   0.33400000D+01  0.57427977D-02
   0.33500000D+01  0.56285667D-02
   0.33600000D+01  0.55165973D-02
   0.33700000D+01  0.54068471D-02
   0.33800000D+01  0.52992744D-02
   0.33900000D+01  0.51938373D-02
   0.34000000D+01  0.50904941D-02
   0.34100000D+01  0.49892029D-02
   0.34200000D+01  0.48899219D-02
   0.34300000D+01  0.47926093D-02
   0.34400000D+01  0.46972244D-02
   0.34500000D+01  0.46037310D-02
   0.34600000D+01  0.45120936D-02
   0.34700000D+01  0.44222768D-02
   0.34800000D+01  0.43342450D-02
   0.34900000D+01  0.42479630D-02
   0.35000000D+01  0.41633952D-02
   0.35100000D+01  0.40805061D-02
   0.35200000D+01  0.39992606D-02
   0.35300000D+01  0.39196263D-02
   0.35400000D+01  0.38415733D-02
   0.35500000D+01  0.37650715D-02
   0.35600000D+01  0.36900912D-02
   0.35700000D+01  0.36166024D-02
   0.35800000D+01  0.35445753D-02
   0.35900000D+01  0.34739799D-02
   0.36000000D+01  0.34047863D-02
   0.36100000D+01  0.33369652D-02
   0.36200000D+01  0.32704904D-02
   0.36300000D+01  0.32053369D-02
   0.36400000D+01  0.31414795D-02
   0.36500000D+01  0.30788932D-02
   0.36600000D+01  0.30175527D-02
   0.36700000D+01  0.29574330D-02
   0.36800000D+01  0.28985090D-02
   0.36900000D+01  0.28407556D-02
   0.37000000D+01  0.27841483D-02
   0.37100000D+01  0.27286656D-02
   0.37200000D+01  0.26742863D-02
   0.37300000D+01  0.26209896D-02
   0.37400000D+01  0.25687544D-02
   0.37500000D+01  0.25175597D-02
   0.37600000D+01  0.24673846D-02
   0.37700000D+01  0.24182081D-02
   0.37800000D+01  0.23700091D-02
   0.37900000D+01  0.23227671D-02
   0.38000000D+01  0.22764639D-02
   0.38100000D+01  0.22310819D-02
   0.38200000D+01  0.21866038D-02
   0.38300000D+01  0.21430120D-02
   0.38400000D+01  0.21002891D-02
   0.38500000D+01  0.20584177D-02
   0.38600000D+01  0.20173802D-02
   0.38700000D+01  0.19771592D-02
   0.38800000D+01  0.19377374D-02
   0.38900000D+01  0.18990988D-02
   0.39000000D+01  0.18612291D-02
   0.39100000D+01  0.18241137D-02
   0.39200000D+01  0.17877381D-02
   0.39300000D+01  0.17520880D-02
   0.39400000D+01  0.17171489D-02
   0.39500000D+01  0.16829062D-02
   0.39600000D+01  0.16493456D-02
   0.39700000D+01  0.16164527D-02
   0.39800000D+01  0.15842132D-02
   0.39900000D+01  0.15526149D-02
   0.40000000D+01  0.15216459D-02
   0.40100000D+01  0.14912943D-02
   0.40200000D+01  0.14615482D-02
   0.40300000D+01  0.14323955D-02
   0.40400000D+01  0.14038245D-02
   0.40500000D+01  0.13758233D-02
   0.40600000D+01  0.13483798D-02
   0.40700000D+01  0.13214823D-02
   0.40800000D+01  0.12951193D-02
   0.40900000D+01  0.12692810D-02
   0.41000000D+01  0.12439575D-02
   0.41100000D+01  0.12191391D-02
   0.41200000D+01  0.11948160D-02
   0.41300000D+01  0.11709785D-02
   0.41400000D+01  0.11476168D-02
   0.41500000D+01  0.11247211D-02
   0.41600000D+01  0.11022817D-02
   0.41700000D+01  0.10802888D-02
   0.41800000D+01  0.10587331D-02
   0.41900000D+01  0.10376065D-02
   0.42000000D+01  0.10169008D-02
   0.42100000D+01  0.99660831D-03
   0.42200000D+01  0.97672093D-03
   0.42300000D+01  0.95723072D-03
   0.42400000D+01  0.93812972D-03
   0.42500000D+01  0.91940998D-03
   0.42600000D+01  0.90106354D-03
   0.42700000D+01  0.88308242D-03
   0.42800000D+01  0.86545882D-03
   0.42900000D+01  0.84818588D-03
   0.43000000D+01  0.83125714D-03
   0.43100000D+01  0.81466614D-03
   0.43200000D+01  0.79840642D-03
   0.43300000D+01  0.78247153D-03
   0.43400000D+01  0.76685500D-03
   0.43500000D+01  0.75155038D-03
   0.43600000D+01  0.73655121D-03
   0.43700000D+01  0.72185104D-03
   0.43800000D+01  0.70744339D-03
   0.43900000D+01  0.69332226D-03
   0.44000000D+01  0.67948233D-03
   0.44100000D+01  0.66591840D-03
   0.44200000D+01  0.65262526D-03
   0.44300000D+01  0.63959770D-03
   0.44400000D+01  0.62683051D-03
   0.44500000D+01  0.61431848D-03
   0.44600000D+01  0.60205638D-03
   0.44700000D+01  0.59003903D-03
   0.44800000D+01  0.57826119D-03
   0.44900000D+01  0.56671768D-03
   0.45000000D+01  0.55540378D-03
   0.45100000D+01  0.54431528D-03
   0.45200000D+01  0.53344799D-03
   0.45300000D+01  0.52279774D-03
   0.45400000D+01  0.51236035D-03
   0.45500000D+01  0.50213162D-03
   0.45600000D+01  0.49210738D-03
   0.45700000D+01  0.48228345D-03
   0.45800000D+01  0.47265565D-03
   0.45900000D+01  0.46321978D-03
   0.46000000D+01  0.45397169D-03
   0.46100000D+01  0.44490753D-03
   0.46200000D+01  0.43602395D-03
   0.46300000D+01  0.42731760D-03
   0.46400000D+01  0.41878514D-03
   0.46500000D+01  0.41042324D-03
   0.46600000D+01  0.40222856D-03
   0.46700000D+01  0.39419776D-03
   0.46800000D+01  0.38632750D-03
   0.46900000D+01  0.37861446D-03
   0.47000000D+01  0.37105528D-03
   0.47100000D+01  0.36364664D-03
   0.47200000D+01  0.35638532D-03
   0.47300000D+01  0.34926858D-03
   0.47400000D+01  0.34229375D-03
   0.47500000D+01  0.33545821D-03
   0.47600000D+01  0.32875929D-03
   0.47700000D+01  0.32219435D-03
   0.47800000D+01  0.31576074D-03
   0.47900000D+01  0.30945582D-03
   0.48000000D+01  0.30327693D-03
   0.48100000D+01  0.29722142D-03
   0.48200000D+01  0.29128666D-03
   0.48300000D+01  0.28546999D-03
   0.48400000D+01  0.27976900D-03
   0.48500000D+01  0.27418160D-03
   0.48600000D+01  0.26870569D-03
   0.48700000D+01  0.26333917D-03
   0.48800000D+01  0.25807997D-03
   0.48900000D+01  0.25292598D-03
   0.49000000D+01  0.24787513D-03
   0.49100000D+01  0.24292533D-03
   0.49200000D+01  0.23807448D-03
   0.49300000D+01  0.23332049D-03
   0.49400000D+01  0.22866128D-03
   0.49500000D+01  0.22409476D-03
   0.49600000D+01  0.21961907D-03
   0.49700000D+01  0.21523256D-03
   0.49800000D+01  0.21093358D-03
   0.49900000D+01  0.20672051D-03
   0.50000000D+01  0.20259170D-03
   0.50100000D+01  0.19854551D-03
   0.50200000D+01  0.19458031D-03
   0.50300000D+01  0.19069446D-03
   0.50400000D+01  0.18688631D-03
   0.50500000D+01  0.18315424D-03
   0.50600000D+01  0.17949660D-03
   0.50700000D+01  0.17591175D-03
   0.50800000D+01  0.17239818D-03
   0.50900000D+01  0.16895459D-03
   0.51000000D+01  0.16557970D-03
   0.51100000D+01  0.16227223D-03
   0.51200000D+01  0.15903090D-03
   0.51300000D+01  0.15585444D-03
   0.51400000D+01  0.15274158D-03
   0.51500000D+01  0.14969102D-03
   0.51600000D+01  0.14670151D-03
   0.51700000D+01  0.14377176D-03
   0.51800000D+01  0.14090049D-03
   0.51900000D+01  0.13808643D-03
   0.52000000D+01  0.13532831D-03
   0.52100000D+01  0.13262507D-03
   0.52200000D+01  0.12997571D-03
   0.52300000D+01  0.12737924D-03
   0.52400000D+01  0.12483467D-03
   0.52500000D+01  0.12234102D-03
   0.52600000D+01  0.11989729D-03
   0.52700000D+01  0.11750249D-03
   0.52800000D+01  0.11515564D-03
   0.52900000D+01  0.11285575D-03
   0.53000000D+01  0.11060182D-03
   0.53100000D+01  0.10839287D-03
   0.53200000D+01  0.10622792D-03
   0.53300000D+01  0.10410599D-03
   0.53400000D+01  0.10202629D-03
   0.53500000D+01  0.99988043D-04
   0.53600000D+01  0.97990500D-04
   0.53700000D+01  0.96032896D-04
   0.53800000D+01  0.94114469D-04
   0.53900000D+01  0.92234459D-04
   0.54000000D+01  0.90392104D-04
   0.54100000D+01  0.88586643D-04
   0.54200000D+01  0.86817314D-04
   0.54300000D+01  0.85083356D-04
   0.54400000D+01  0.83384008D-04
   0.54500000D+01  0.81718509D-04
   0.54600000D+01  0.80086111D-04
   0.54700000D+01  0.78486181D-04
   0.54800000D+01  0.76918136D-04
   0.54900000D+01  0.75381393D-04
   0.55000000D+01  0.73875370D-04
   0.55100000D+01  0.72399487D-04
   0.55200000D+01  0.70953159D-04
   0.55300000D+01  0.69535806D-04
   0.55400000D+01  0.68146845D-04
   0.55500000D+01  0.66785693D-04
   0.55600000D+01  0.65451770D-04
   0.55700000D+01  0.64144493D-04
   0.55800000D+01  0.62863279D-04
   0.55900000D+01  0.61607548D-04
   0.56000000D+01  0.60376768D-04
   0.56100000D+01  0.59170490D-04
   0.56200000D+01  0.57988273D-04
   0.56300000D+01  0.56829672D-04
   0.56400000D+01  0.55694248D-04
   0.56500000D+01  0.54581557D-04
   0.56600000D+01  0.53491157D-04
   0.56700000D+01  0.52422606D-04
   0.56800000D+01  0.51375463D-04
   0.56900000D+01  0.50349284D-04
   0.57000000D+01  0.49343628D-04
   0.57100000D+01  0.48358053D-04
   0.57200000D+01  0.47392116D-04
   0.57300000D+01  0.46445378D-04
   0.57400000D+01  0.45517453D-04
   0.57500000D+01  0.44608005D-04
   0.57600000D+01  0.43716700D-04
   0.57700000D+01  0.42843205D-04
   0.57800000D+01  0.41987187D-04
   0.57900000D+01  0.41148312D-04
   0.58000000D+01  0.40326246D-04
   0.58100000D+01  0.39520656D-04
   0.58200000D+01  0.38731209D-04
   0.58300000D+01  0.37957570D-04
   0.58400000D+01  0.37199406D-04
   0.58500000D+01  0.36456384D-04
   0.58600000D+01  0.35728171D-04
   0.58700000D+01  0.35014432D-04
   0.58800000D+01  0.34314870D-04
   0.58900000D+01  0.33629231D-04
   0.59000000D+01  0.32957265D-04
   0.59100000D+01  0.32298722D-04
   0.59200000D+01  0.31653353D-04
   0.59300000D+01  0.31020907D-04
   0.59400000D+01  0.30401135D-04
   0.59500000D+01  0.29793787D-04
   0.59600000D+01  0.29198612D-04
   0.59700000D+01  0.28615362D-04
   0.59800000D+01  0.28043786D-04
   0.59900000D+01  0.27483635D-04
   0.60000000D+01  0.26934658D-04
   0.60100000D+01  0.26396606D-04
   0.60200000D+01  0.25869236D-04
   0.60300000D+01  0.25352348D-04
   0.60400000D+01  0.24845756D-04
   0.60500000D+01  0.24349275D-04
   0.60600000D+01  0.23862718D-04
   0.60700000D+01  0.23385900D-04
   0.60800000D+01  0.22918634D-04
   0.60900000D+01  0.22460736D-04
   0.61000000D+01  0.22012018D-04
   0.61100000D+01  0.21572296D-04
   0.61200000D+01  0.21141383D-04
   0.61300000D+01  0.20719094D-04
   0.61400000D+01  0.20305243D-04
   0.61500000D+01  0.19899644D-04
   0.61600000D+01  0.19502111D-04
   0.61700000D+01  0.19112467D-04
   0.61800000D+01  0.18730569D-04
   0.61900000D+01  0.18356279D-04
   0.62000000D+01  0.17989459D-04
   0.62100000D+01  0.17629973D-04
   0.62200000D+01  0.17277683D-04
   0.62300000D+01  0.16932452D-04
   0.62400000D+01  0.16594144D-04
   0.62500000D+01  0.16262620D-04
   0.62600000D+01  0.15937744D-04
   0.62700000D+01  0.15619378D-04
   0.62800000D+01  0.15307385D-04
   0.62900000D+01  0.15001628D-04
   0.63000000D+01  0.14701970D-04
   0.63100000D+01  0.14408274D-04
   0.63200000D+01  0.14120405D-04
   0.63300000D+01  0.13838254D-04
   0.63400000D+01  0.13561720D-04
   0.63500000D+01  0.13290702D-04
   0.63600000D+01  0.13025100D-04
   0.63700000D+01  0.12764814D-04
   0.63800000D+01  0.12509742D-04
   0.63900000D+01  0.12259785D-04
   0.64000000D+01  0.12014841D-04
   0.64100000D+01  0.11774810D-04
   0.64200000D+01  0.11539593D-04
   0.64300000D+01  0.11309087D-04
   0.64400000D+01  0.11083193D-04
   0.64500000D+01  0.10861810D-04
   0.64600000D+01  0.10644837D-04
   0.64700000D+01  0.10432175D-04
   0.64800000D+01  0.10223730D-04
   0.64900000D+01  0.10019429D-04
   0.65000000D+01  0.98191969D-05
   0.65100000D+01  0.96229617D-05
   0.65200000D+01  0.94306500D-05
   0.65300000D+01  0.92421887D-05
   0.65400000D+01  0.90575048D-05
   0.65500000D+01  0.88765251D-05
   0.65600000D+01  0.86991765D-05
   0.65700000D+01  0.85253858D-05
   0.65800000D+01  0.83550801D-05
   0.65900000D+01  0.81881862D-05
   0.66000000D+01  0.80246310D-05
   0.66100000D+01  0.78643413D-05
   0.66200000D+01  0.77072441D-05
   0.66300000D+01  0.75532663D-05
   0.66400000D+01  0.74023415D-05
   0.66500000D+01  0.72544156D-05
   0.66600000D+01  0.71094358D-05
   0.66700000D+01  0.69673493D-05
   0.66800000D+01  0.68281035D-05
   0.66900000D+01  0.66916457D-05
   0.67000000D+01  0.65579229D-05
   0.67100000D+01  0.64268826D-05
   0.67200000D+01  0.62984720D-05
   0.67300000D+01  0.61726383D-05
   0.67400000D+01  0.60493288D-05
   0.67500000D+01  0.59284907D-05
   0.67600000D+01  0.58100714D-05
   0.67700000D+01  0.56940180D-05
   0.67800000D+01  0.55802779D-05
   0.67900000D+01  0.54687982D-05
   0.68000000D+01  0.53595281D-05
   0.68100000D+01  0.52524264D-05
   0.68200000D+01  0.51474553D-05
   0.68300000D+01  0.50445772D-05
   0.68400000D+01  0.49437542D-05
   0.68500000D+01  0.48449486D-05
   0.68600000D+01  0.47481227D-05
   0.68700000D+01  0.46532387D-05
   0.68800000D+01  0.45602590D-05
   0.68900000D+01  0.44691456D-05
   0.69000000D+01  0.43798610D-05
   0.69100000D+01  0.42923673D-05
   0.69200000D+01  0.42066269D-05
   0.69300000D+01  0.41226019D-05
   0.69400000D+01  0.40402546D-05
   0.69500000D+01  0.39595473D-05
   0.69600000D+01  0.38804423D-05
   0.69700000D+01  0.38029043D-05
   0.69800000D+01  0.37269053D-05
   0.69900000D+01  0.36524185D-05
   0.70000000D+01  0.35794171D-05
   0.70100000D+01  0.35078745D-05
   0.70200000D+01  0.34377636D-05
   0.70300000D+01  0.33690579D-05
   0.70400000D+01  0.33017304D-05
   0.70500000D+01  0.32357544D-05
   0.70600000D+01  0.31711032D-05
   0.70700000D+01  0.31077498D-05
   0.70800000D+01  0.30456676D-05
   0.70900000D+01  0.29848298D-05
   0.71000000D+01  0.29252095D-05
   0.71100000D+01  0.28667800D-05
   0.71200000D+01  0.28095145D-05
   0.71300000D+01  0.27533861D-05
   0.71400000D+01  0.26983693D-05
   0.71500000D+01  0.26444435D-05
   0.71600000D+01  0.25915898D-05
   0.71700000D+01  0.25397895D-05
   0.71800000D+01  0.24890236D-05
   0.71900000D+01  0.24392733D-05
   0.72000000D+01  0.23905198D-05
   0.72100000D+01  0.23427443D-05
   0.72200000D+01  0.22959277D-05
   0.72300000D+01  0.22500514D-05
   0.72400000D+01  0.22050965D-05
   0.72500000D+01  0.21610441D-05
   0.72600000D+01  0.21178753D-05
   0.72700000D+01  0.20755714D-05
   0.72800000D+01  0.20341134D-05
   0.72900000D+01  0.19934825D-05
   0.73000000D+01  0.19536599D-05
   0.73100000D+01  0.19146267D-05
   0.73200000D+01  0.18763662D-05
   0.73300000D+01  0.18388649D-05
   0.73400000D+01  0.18021097D-05
   0.73500000D+01  0.17660874D-05
   0.73600000D+01  0.17307849D-05
   0.73700000D+01  0.16961890D-05
   0.73800000D+01  0.16622865D-05
   0.73900000D+01  0.16290644D-05
   0.74000000D+01  0.15965094D-05
   0.74100000D+01  0.15646085D-05
   0.74200000D+01  0.15333484D-05
   0.74300000D+01  0.15027160D-05
   0.74400000D+01  0.14726981D-05
   0.74500000D+01  0.14432817D-05
   0.74600000D+01  0.14144535D-05
   0.74700000D+01  0.13862004D-05
   0.74800000D+01  0.13585092D-05
   0.74900000D+01  0.13313668D-05
   0.75000000D+01  0.13047615D-05
   0.75100000D+01  0.12786838D-05
   0.75200000D+01  0.12531246D-05
   0.75300000D+01  0.12280750D-05
   0.75400000D+01  0.12035256D-05
   0.75500000D+01  0.11794676D-05
   0.75600000D+01  0.11558917D-05
   0.75700000D+01  0.11327890D-05
   0.75800000D+01  0.11101502D-05
   0.75900000D+01  0.10879663D-05
   0.76000000D+01  0.10662283D-05
   0.76100000D+01  0.10449269D-05
   0.76200000D+01  0.10240532D-05
   0.76300000D+01  0.10035981D-05
   0.76400000D+01  0.98355232D-06
   0.76500000D+01  0.96390694D-06
   0.76600000D+01  0.94465282D-06
   0.76700000D+01  0.92578085D-06
   0.76800000D+01  0.90728219D-06
   0.76900000D+01  0.88914972D-06
   0.77000000D+01  0.87137722D-06
   0.77100000D+01  0.85395845D-06
   0.77200000D+01  0.83688717D-06
   0.77300000D+01  0.82015715D-06
   0.77400000D+01  0.80376215D-06
   0.77500000D+01  0.78769595D-06
   0.77600000D+01  0.77195229D-06
   0.77700000D+01  0.75652496D-06
   0.77800000D+01  0.74140771D-06
   0.77900000D+01  0.72659431D-06
   0.78000000D+01  0.71207853D-06
   0.78100000D+01  0.69785412D-06
   0.78200000D+01  0.68391487D-06
   0.78300000D+01  0.67025452D-06
   0.78400000D+01  0.65686684D-06
   0.78500000D+01  0.64374561D-06
   0.78600000D+01  0.63088458D-06
   0.78700000D+01  0.61827772D-06
   0.78800000D+01  0.60592026D-06
   0.78900000D+01  0.59380799D-06
   0.79000000D+01  0.58193670D-06
   0.79100000D+01  0.57030217D-06
   0.79200000D+01  0.55890019D-06
   0.79300000D+01  0.54772655D-06
   0.79400000D+01  0.53677702D-06
   0.79500000D+01  0.52604740D-06
   0.79600000D+01  0.51553347D-06
   0.79700000D+01  0.50523102D-06
   0.79800000D+01  0.49513583D-06
   0.79900000D+01  0.48524369D-06
   0.80000000D+01  0.47555038D-06
   0.80100000D+01  0.46605169D-06
   0.80200000D+01  0.45674340D-06
   0.80300000D+01  0.44762131D-06
   0.80400000D+01  0.43868119D-06
   0.80500000D+01  0.42991884D-06
   0.80600000D+01  0.42133004D-06
   0.80700000D+01  0.41291116D-06
   0.80800000D+01  0.40465926D-06
   0.80900000D+01  0.39657143D-06
   0.81000000D+01  0.38864478D-06
   0.81100000D+01  0.38087641D-06
   0.81200000D+01  0.37326343D-06
   0.81300000D+01  0.36580294D-06
   0.81400000D+01  0.35849203D-06
   0.81500000D+01  0.35132782D-06
   0.81600000D+01  0.34430741D-06
   0.81700000D+01  0.33742790D-06
   0.81800000D+01  0.33068639D-06
   0.81900000D+01  0.32407998D-06
   0.82000000D+01  0.31760579D-06
   0.82100000D+01  0.31126090D-06
   0.82200000D+01  0.30504243D-06
   0.82300000D+01  0.29894748D-06
   0.82400000D+01  0.29297315D-06
   0.82500000D+01  0.28711654D-06
   0.82600000D+01  0.28137478D-06
   0.82700000D+01  0.27574559D-06
   0.82800000D+01  0.27022724D-06
   0.82900000D+01  0.26481802D-06
   0.83000000D+01  0.25951625D-06
   0.83100000D+01  0.25432022D-06
   0.83200000D+01  0.24922822D-06
   0.83300000D+01  0.24423857D-06
   0.83400000D+01  0.23934956D-06
   0.83500000D+01  0.23455950D-06
   0.83600000D+01  0.22986667D-06
   0.83700000D+01  0.22526939D-06
   0.83800000D+01  0.22076594D-06
   0.83900000D+01  0.21635465D-06
   0.84000000D+01  0.21203379D-06
   0.84100000D+01  0.20780168D-06
   0.84200000D+01  0.20365661D-06
   0.84300000D+01  0.19959688D-06
   0.84400000D+01  0.19562080D-06
   0.84500000D+01  0.19172667D-06
   0.84600000D+01  0.18791278D-06
   0.84700000D+01  0.18417737D-06
   0.84800000D+01  0.18051854D-06
   0.84900000D+01  0.17693434D-06
   0.85000000D+01  0.17342283D-06
   0.85100000D+01  0.16998206D-06
   0.85200000D+01  0.16661010D-06
   0.85300000D+01  0.16330499D-06
   0.85400000D+01  0.16006480D-06
   0.85500000D+01  0.15688758D-06
   0.85600000D+01  0.15377139D-06
   0.85700000D+01  0.15071429D-06
   0.85800000D+01  0.14771434D-06
   0.85900000D+01  0.14476959D-06
   0.86000000D+01  0.14187810D-06
   0.86100000D+01  0.13903792D-06
   0.86200000D+01  0.13624712D-06
   0.86300000D+01  0.13350375D-06
   0.86400000D+01  0.13080587D-06
   0.86500000D+01  0.12815153D-06
   0.86600000D+01  0.12553880D-06
   0.86700000D+01  0.12296574D-06
   0.86800000D+01  0.12043149D-06
   0.86900000D+01  0.11793748D-06
   0.87000000D+01  0.11548538D-06
   0.87100000D+01  0.11307688D-06
   0.87200000D+01  0.11071368D-06
   0.87300000D+01  0.10839745D-06
   0.87400000D+01  0.10612990D-06
   0.87500000D+01  0.10391270D-06
   0.87600000D+01  0.10174754D-06
   0.87700000D+01  0.99636105D-07
   0.87800000D+01  0.97580092D-07
   0.87900000D+01  0.95581184D-07
   0.88000000D+01  0.93641068D-07
   0.88100000D+01  0.91761433D-07
   0.88200000D+01  0.89943966D-07
   0.88300000D+01  0.88190354D-07
   0.88400000D+01  0.86502285D-07
   0.88500000D+01  0.84881446D-07
   0.88600000D+01  0.83329526D-07
   0.88700000D+01  0.81848212D-07
   0.88800000D+01  0.80439191D-07
   0.88900000D+01  0.79103129D-07
   0.89000000D+01  0.77833556D-07
   0.89100000D+01  0.76620957D-07
   0.89200000D+01  0.75455807D-07
   0.89300000D+01  0.74328579D-07
   0.89400000D+01  0.73229748D-07
   0.89500000D+01  0.72149788D-07
   0.89600000D+01  0.71079174D-07
   0.89700000D+01  0.70008379D-07
   0.89800000D+01  0.68927879D-07
   0.89900000D+01  0.67828147D-07
   0.90000000D+01  0.66699658D-07
   0.90100000D+01  0.65532885D-07
   0.90200000D+01  0.64318304D-07
   0.90300000D+01  0.63046388D-07
   0.90400000D+01  0.61707612D-07
   0.90500000D+01  0.60292450D-07
   0.90600000D+01  0.58791377D-07
   0.90700000D+01  0.57194866D-07
   0.90800000D+01  0.55493392D-07
   0.90900000D+01  0.53677429D-07
   0.91000000D+01  0.51737452D-07
   0.91100000D+01  0.49666691D-07
   0.91200000D+01  0.47474246D-07
   0.91300000D+01  0.45174885D-07
   0.91400000D+01  0.42783385D-07
   0.91500000D+01  0.40314522D-07
   0.91600000D+01  0.37783070D-07
   0.91700000D+01  0.35203807D-07
   0.91800000D+01  0.32591508D-07
   0.91900000D+01  0.29960948D-07
   0.92000000D+01  0.27326903D-07
   0.92100000D+01  0.24704149D-07
   0.92200000D+01  0.22107463D-07
   0.92300000D+01  0.19551619D-07
   0.92400000D+01  0.17051394D-07
   0.92500000D+01  0.14621563D-07
   0.92600000D+01  0.12276902D-07
   0.92700000D+01  0.10032188D-07
   0.92800000D+01  0.79021947D-08
   0.92900000D+01  0.59016992D-08
   0.93000000D+01  0.40454771D-08
   0.93100000D+01  0.23483041D-08
   0.93200000D+01  0.82495600D-09
   0.93300000D+01 -0.51006377D-09
   0.93400000D+01 -0.16528677D-08
   0.93500000D+01 -0.26133734D-08
   0.93600000D+01 -0.34024224D-08
   0.93700000D+01 -0.40308562D-08
   0.93800000D+01 -0.45095166D-08
   0.93900000D+01 -0.48492450D-08
   0.94000000D+01 -0.50608831D-08
   0.94100000D+01 -0.51552724D-08
   0.94200000D+01 -0.51432546D-08
   0.94300000D+01 -0.50356712D-08
   0.94400000D+01 -0.48433639D-08
   0.94500000D+01 -0.45771742D-08
   0.94600000D+01 -0.42479437D-08
   0.94700000D+01 -0.38665140D-08
   0.94800000D+01 -0.34437267D-08
   0.94900000D+01 -0.29904234D-08
   0.95000000D+01 -0.25174457D-08
   0.95100000D+01 -0.20356352D-08
   0.95200000D+01 -0.15558334D-08
   0.95300000D+01 -0.10888820D-08
   0.95400000D+01 -0.64562256D-09
   0.95500000D+01 -0.23689665D-09
   0.95600000D+01  0.12656411D-09
   0.95700000D+01  0.43936273D-09
   0.95800000D+01  0.70371566D-09
   0.95900000D+01  0.92242325D-09
   0.96000000D+01  0.10982859D-08
   0.96100000D+01  0.12341038D-08
   0.96200000D+01  0.13326775D-08
   0.96300000D+01  0.13968073D-08
   0.96400000D+01  0.14292936D-08
   0.96500000D+01  0.14329366D-08
   0.96600000D+01  0.14105367D-08
   0.96700000D+01  0.13648944D-08
   0.96800000D+01  0.12988099D-08
   0.96900000D+01  0.12150837D-08
   0.97000000D+01  0.11165160D-08
   0.97100000D+01  0.10059072D-08
   0.97200000D+01  0.88605770D-09
   0.97300000D+01  0.75976783D-09
   0.97400000D+01  0.62983795D-09
   0.97500000D+01  0.49906841D-09
   0.97600000D+01  0.37025957D-09
   0.97700000D+01  0.24621178D-09
   0.97800000D+01  0.12972539D-09
   0.97900000D+01  0.23600769D-10
   0.98000000D+01 -0.69619710D-10
   0.98100000D+01 -0.14956440D-09
   0.98200000D+01 -0.21694854D-09
   0.98300000D+01 -0.27249543D-09
   0.98400000D+01 -0.31692842D-09
   0.98500000D+01 -0.35097081D-09
   0.98600000D+01 -0.37534595D-09
   0.98700000D+01 -0.39077714D-09
   0.98800000D+01 -0.39798771D-09
   0.98900000D+01 -0.39770100D-09
   0.99000000D+01 -0.39064032D-09
   0.99100000D+01 -0.37752900D-09
   0.99200000D+01 -0.35909036D-09
   0.99300000D+01 -0.33604773D-09
   0.99400000D+01 -0.30912443D-09
   0.99500000D+01 -0.27904378D-09
   0.99600000D+01 -0.24652911D-09
   0.99700000D+01 -0.21230375D-09
   0.99800000D+01 -0.17709102D-09
   0.99900000D+01 -0.14161424D-09
   0.10000000D+02 -0.10659674D-09
